1st: Disturbance test: 
scalarised_performance: {'oracle': {'r': array([[-4.66492988e-02, -1.24693604e-04, -1.94627732e-03,
        -1.40697005e-03, -8.44259598e-04, -5.45917086e-04,
        -3.73713636e-04, -2.62329065e-04, -1.86662290e-04,
        -1.34210755e-04, -9.73359294e-05, -7.10888673e-05,
        -5.22096248e-05, -3.85154846e-05, -2.85170204e-05,
        -2.11800702e-05, -1.57751895e-05, -1.17818995e-05,
        -8.82505969e-06, -6.63193721e-06, -5.00324627e-06,
        -3.79257628e-06, -2.89200164e-06, -2.22171791e-06,
        -1.72264034e-06, -1.35093772e-06, -1.07405324e-06,
        -8.67767289e-07, -7.14055441e-07, -5.99508763e-07,
        -5.14138383e-07, -4.50570550e-07, -4.03151841e-07,
        -3.67796139e-07, -3.41440024e-07, -3.21794542e-07,
        -3.07149975e-07, -2.96238300e-07, -2.88104321e-07,
        -2.82050236e-07, -2.77534947e-07, -2.74165980e-07,
        -2.71657892e-07, -2.69787157e-07, -2.68394947e-07,
        -2.67361261e-07, -2.66587000e-07, -2.66009973e-07,
        -2.65579675e-07, -2.65258465e-07, -2.65019289e-07,
        -2.64841286e-07, -2.64708907e-07, -2.64610598e-07,
        -2.64537628e-07, -2.64483920e-07, -2.64436237e-07,
        -2.64409061e-07, -2.64390029e-07, -2.64383103e-07,
        -2.64388142e-07, -2.64396467e-07, -2.64402792e-07,
        -2.64407585e-07, -2.64411214e-07, -2.64413964e-07,
        -2.64416047e-07, -2.64417625e-07, -2.64418821e-07,
        -2.64419726e-07, -2.64420413e-07, -2.64420932e-07,
        -2.64421326e-07, -2.64421624e-07, -2.64421850e-07,
        -2.64422022e-07, -2.64422151e-07, -2.64422250e-07,
        -2.64422324e-07, -2.64422380e-07, -2.64422447e-07,
        -2.64422475e-07, -2.64422493e-07, -2.64422507e-07,
        -2.64422519e-07, -2.64422527e-07, -2.64422534e-07,
        -2.64422539e-07, -2.64422543e-07, -2.64422546e-07,
        -2.64422549e-07, -2.64422551e-07, -2.64422552e-07,
        -2.64422553e-07, -2.64422554e-07, -2.64422554e-07,
        -2.64422555e-07, -2.64422555e-07, -2.64422556e-07,
        -2.64422556e-07, -2.64422556e-07, -2.64422556e-07,
        -2.64422556e-07, -2.64422556e-07, -2.64422557e-07,
        -2.64422556e-07, -2.64422556e-07, -2.64422556e-07,
        -2.64422557e-07, -2.64422557e-07, -2.64422557e-07,
        -2.64422557e-07, -2.64422557e-07, -2.64422557e-07,
        -2.64422557e-07, -2.64422557e-07, -2.64422557e-07,
        -2.64422557e-07, -2.64422557e-07, -2.64422557e-07,
        -2.64422557e-07, -2.64422557e-07, -2.64422557e-07,
        -2.64422557e-07, -2.64422557e-07, -2.64422557e-07,
        -2.64422557e-07, -2.64422557e-07, -2.64422557e-07,
        -2.64422557e-07, -2.64422557e-07, -2.64422557e-07,
        -1.52876081e-04, -1.99594555e-05, -3.09423086e-05,
        -3.50032411e-05, -3.24667985e-05, -3.08130337e-05,
        -4.80029685e-06, -2.55108507e-05, -3.45940111e-05,
        -3.49940665e-05, -3.42799499e-05, -3.37894779e-05,
        -3.34834923e-05, -3.32694918e-05, -3.31111791e-05,
        -3.29930780e-05, -3.29051479e-05, -3.28398324e-05]])}, 'SAC': {'r': array([[-2.61920736e-04, -1.83870943e-01, -6.02598349e-02,
        -2.62860650e-02, -1.08134177e-02, -6.37218914e-03,
        -3.24586844e-03, -2.42778186e-03, -1.36318879e-04,
        -2.26913203e-04, -1.35121404e-04, -1.74252860e-04,
        -1.84894960e-04, -2.82071724e-04, -2.27271508e-04,
        -2.61712156e-04, -2.22315051e-04, -2.52471938e-04,
        -1.67623804e-04, -2.11632810e-04, -2.02411303e-04,
        -1.64650742e-04, -2.09744266e-04, -5.05775770e-04,
        -5.21225918e-04, -1.96614041e-04, -2.47056361e-04,
        -2.20632973e-04, -2.34975191e-04, -2.05203935e-04,
        -1.67507641e-04, -2.88472152e-04, -4.59018595e-04,
        -1.15841360e-03, -9.76394723e-04, -4.50544786e-04,
        -3.31055679e-04, -3.00736792e-04, -1.51921074e-04,
        -3.08838906e-04, -1.43422490e-04, -1.42291440e-04,
        -2.59141091e-04, -5.44010019e-04, -6.50771057e-04,
        -6.58393629e-04, -2.66785863e-04, -2.65014697e-04,
        -2.21259901e-04, -3.30273288e-04, -2.30091148e-04,
        -1.66540495e-04, -1.69939116e-04, -2.56625002e-04,
        -1.57242192e-04, -2.09643965e-04, -2.51798975e-04,
        -3.67545058e-04, -4.84442898e-04, -1.78424272e-03,
        -8.62914464e-04, -4.22538684e-04, -6.18032076e-04,
        -2.96220629e-04, -2.39369354e-04, -1.36696691e-04,
        -1.51980391e-04, -1.34787941e-04, -3.06959613e-04,
        -3.91964776e-04, -4.67605741e-04, -2.25819116e-04,
        -4.06291532e-04, -1.69537243e-04, -1.40033190e-04,
        -2.01075145e-04, -1.96486352e-04, -2.08566872e-04,
        -1.87811370e-04, -2.10475297e-04, -5.81384606e-04,
        -2.66531588e-04, -3.78696088e-04, -4.32544070e-04,
        -3.12930725e-04, -2.55701518e-04, -2.01062347e-04,
        -3.23838822e-04, -1.96986454e-04, -1.38788137e-04,
        -2.58809128e-04, -2.17124360e-04, -2.60985995e-04,
        -1.34792664e-04, -2.25816858e-04, -1.82026969e-04,
        -1.91083930e-04, -1.64028437e-04, -2.61905835e-04,
        -2.61699663e-04, -1.43035349e-04, -2.34775919e-04,
        -2.38813659e-04, -2.57900163e-04, -1.34791610e-04,
        -2.59361313e-04, -2.39525504e-04, -1.69661269e-04,
        -1.80216646e-04, -1.86202249e-04, -2.09608318e-04,
        -3.54274081e-04, -2.75395429e-04, -3.70294407e-04,
        -6.19310079e-04, -4.77640862e-04, -2.65240374e-04,
        -6.43944356e-04, -2.33920101e-04, -1.57111436e-04,
        -2.07650355e-04, -2.28137726e-04, -2.52973821e-04,
        -2.04020579e-04, -2.47360050e-04, -2.47175661e-04,
        -2.33656613e-04, -2.42641490e-04, -3.00830407e-04,
        -1.84709646e-04, -2.25820144e-04, -3.39200005e-02,
        -1.30258780e-02, -5.02652427e-03, -3.03232251e-03,
        -3.68473868e-03, -1.67622616e-03, -5.87812755e-03,
        -3.92485216e-03, -2.67113573e-03, -1.34314594e-03,
        -8.72723009e-04, -1.21051442e-03, -3.50165584e-04,
        -7.97442854e-04, -8.51600700e-04, -1.04197442e-03,
        -3.66735598e-04, -4.45703807e-04, -5.25699487e-04]])}, 'PPO': {'r': array([[-0.01904702, -0.21651486, -0.04169071, -0.00173469, -0.00630183,
        -0.00292857, -0.0012461 , -0.00148124, -0.00091091, -0.00186589,
        -0.00176   , -0.00086036, -0.00083686, -0.00092106, -0.0017752 ,
        -0.0009848 , -0.0012446 , -0.00207929, -0.00150957, -0.001037  ,
        -0.00140841, -0.00083867, -0.00160097, -0.00098629, -0.0008742 ,
        -0.00108185, -0.00133106, -0.00090071, -0.00094267, -0.00126671,
        -0.00097283, -0.00084175, -0.00135885, -0.00092368, -0.00083686,
        -0.00095036, -0.00118976, -0.00084176, -0.00090553, -0.00163676,
        -0.00079888, -0.00088035, -0.00084619, -0.00085525, -0.00175322,
        -0.00178634, -0.00113563, -0.00118774, -0.00094849, -0.00123817,
        -0.00176274, -0.0010844 , -0.00208201, -0.00161868, -0.00109925,
        -0.00108251, -0.00192888, -0.00084227, -0.0013122 , -0.00100154,
        -0.00081358, -0.00085969, -0.00125786, -0.00178547, -0.00098288,
        -0.00084867, -0.00095034, -0.00117992, -0.00089916, -0.0012692 ,
        -0.00115702, -0.00089916, -0.00096548, -0.00083867, -0.00093428,
        -0.00093428, -0.00093677, -0.00101752, -0.00209094, -0.00092487,
        -0.00114782, -0.00126671, -0.00091755, -0.00095189, -0.00084512,
        -0.0018491 , -0.00090954, -0.00159323, -0.00105593, -0.00244081,
        -0.00120156, -0.00157934, -0.00080144, -0.00106524, -0.00123524,
        -0.00177451, -0.00111022, -0.00087802, -0.00092487, -0.00084573,
        -0.00107812, -0.00093677, -0.00236481, -0.00140773, -0.00096914,
        -0.00125045, -0.00096659, -0.00083402, -0.00093678, -0.00121065,
        -0.0009399 , -0.0015005 , -0.00263832, -0.00196687, -0.0008602 ,
        -0.00122996, -0.00133813, -0.00130502, -0.00084744, -0.00093429,
        -0.00087171, -0.00086321, -0.00185256, -0.00098082, -0.00088282,
        -0.00085374, -0.00084636, -0.00083786, -0.0008737 , -0.00085267,
        -0.00153067, -0.08223638, -0.0697165 , -0.06351012, -0.04420839,
        -0.028553  , -0.0127385 , -0.00584518, -0.00721245, -0.00442102,
        -0.00723771, -0.00522668, -0.00424512, -0.00387259, -0.01159129,
        -0.00875718, -0.01364557, -0.01948698, -0.02110194, -0.02051969]])}, 'DDPG': {'r': array([[-0.00189203, -0.10078965, -0.00770693, -0.01719295, -0.04845694,
        -0.00157724, -0.00168002, -0.00138644, -0.0009066 , -0.00031094,
        -0.00026595, -0.00031167, -0.00017319, -0.00024139, -0.000186  ,
        -0.00033523, -0.00019181, -0.00019433, -0.00028576, -0.00018625,
        -0.00042153, -0.00033869, -0.00018762, -0.00023437, -0.00026595,
        -0.00025722, -0.00019088, -0.00019655, -0.00018657, -0.0001732 ,
        -0.00020479, -0.00018158, -0.00016526, -0.00029938, -0.00024414,
        -0.00024477, -0.00037326, -0.00019587, -0.00016388, -0.00032601,
        -0.00024865, -0.000199  , -0.00018584, -0.00019125, -0.00018158,
        -0.00025337, -0.00021462, -0.00039935, -0.00037144, -0.00017319,
        -0.00017841, -0.00021368, -0.00018158, -0.00029886, -0.00022287,
        -0.00027344, -0.00021997, -0.00026974, -0.00039176, -0.00025959,
        -0.00048322, -0.00018702, -0.00022228, -0.00018357, -0.00018702,
        -0.00019151, -0.00031061, -0.00033648, -0.00017319, -0.00027489,
        -0.00020665, -0.00024415, -0.00029296, -0.00025518, -0.0001954 ,
        -0.00017841, -0.00019074, -0.00018693, -0.00031051, -0.00022286,
        -0.00025615, -0.00024603, -0.00019783, -0.00018851, -0.00019084,
        -0.00026595, -0.00017319, -0.00021148, -0.00032389, -0.00040903,
        -0.00018007, -0.00016734, -0.00019926, -0.00016932, -0.00018755,
        -0.0002005 , -0.0002852 , -0.00021354, -0.00018692, -0.00023951,
        -0.00017473, -0.00017841, -0.00022323, -0.00018487, -0.00017841,
        -0.00018562, -0.00033068, -0.00018085, -0.00017885, -0.00019089,
        -0.00025045, -0.00022331, -0.00017752, -0.00022919, -0.00016932,
        -0.00023532, -0.00017956, -0.00032864, -0.00031059, -0.00018331,
        -0.00019181, -0.00018511, -0.00020087, -0.00030813, -0.00040514,
        -0.00041573, -0.00029333, -0.00018085, -0.00021198, -0.00019907,
        -0.00041982, -0.05133555, -0.02808135, -0.00781578, -0.00099423,
        -0.00124929, -0.00158665, -0.00547341, -0.00059743, -0.00180722,
        -0.00154923, -0.00058203, -0.00026171, -0.00018625, -0.00050914,
        -0.00063392, -0.00059133, -0.00044132, -0.00054987, -0.00019719]])}, 'TD3': {'r': array([[-0.00186768, -0.100814  , -0.00664869, -0.01448698, -0.04946549,
        -0.0017844 , -0.00177545, -0.00130286, -0.00079585, -0.00037909,
        -0.0002304 , -0.00015006, -0.00016778, -0.00015945, -0.00014181,
        -0.0001605 , -0.00014869, -0.00015013, -0.00043192, -0.00019626,
        -0.00024114, -0.00026319, -0.00035478, -0.00014316, -0.0001487 ,
        -0.00018642, -0.00014832, -0.00028769, -0.00019626, -0.00015891,
        -0.00014701, -0.0001427 , -0.00014829, -0.0001601 , -0.00020853,
        -0.00016975, -0.00014869, -0.00033692, -0.00029694, -0.00013919,
        -0.0001605 , -0.00014845, -0.00015164, -0.00013992, -0.00015945,
        -0.00031827, -0.00017631, -0.00014609, -0.00014142, -0.00041329,
        -0.00022026, -0.00014956, -0.00014856, -0.00022722, -0.00018087,
        -0.0001747 , -0.00026721, -0.00034099, -0.00015968, -0.00027372,
        -0.0001487 , -0.00021311, -0.00034821, -0.00022289, -0.00017397,
        -0.00014181, -0.00016659, -0.00013919, -0.00029422, -0.00028679,
        -0.00040744, -0.0001605 , -0.00018257, -0.00024949, -0.00014316,
        -0.00015576, -0.00026188, -0.00017083, -0.00015285, -0.0001487 ,
        -0.00019799, -0.00021621, -0.00014732, -0.00037958, -0.00015017,
        -0.0003688 , -0.00034694, -0.00020999, -0.0002169 , -0.00019092,
        -0.00014966, -0.00025907, -0.00015021, -0.0001521 , -0.00045555,
        -0.00049484, -0.0003307 , -0.00015006, -0.00014861, -0.00017589,
        -0.00021385, -0.00014869, -0.00017608, -0.00018071, -0.00024173,
        -0.00014875, -0.00014768, -0.00014869, -0.00021499, -0.0001605 ,
        -0.00015164, -0.00024036, -0.00014649, -0.00016015, -0.00017438,
        -0.00025151, -0.00031805, -0.00025675, -0.00016049, -0.00013919,
        -0.00019588, -0.00016028, -0.00027606, -0.0002398 , -0.00014316,
        -0.00022338, -0.00024684, -0.0005178 , -0.00015266, -0.0001605 ,
        -0.00017868, -0.05067291, -0.02501728, -0.00705631, -0.00071764,
        -0.00169099, -0.00151092, -0.00534462, -0.00115283, -0.00139791,
        -0.00186205, -0.00093559, -0.00083977, -0.00052363, -0.00016861,
        -0.00021386, -0.00050711, -0.00048811, -0.00040821, -0.00038284]])}}

