Disturbance 1: {'Ti': array([422.19772575, 422.19772575, 422.19772575, 422.19772575,
       422.19772575, 422.19772575, 422.19772575, 422.19772575,
       422.19772575, 422.19772575, 422.19772575, 422.19772575,
       422.19772575, 422.19772575, 422.19772575, 422.19772575,
       422.19772575, 357.75500577, 357.75500577, 357.75500577,
       357.75500577, 357.75500577, 357.75500577, 357.75500577,
       357.75500577, 357.75500577, 357.75500577, 357.75500577,
       357.75500577, 357.75500577, 357.75500577, 357.75500577,
       357.75500577, 357.75500577, 357.75500577, 357.75500577,
       357.75500577, 357.75500577, 357.75500577, 357.75500577,
       357.75500577, 357.75500577, 357.75500577, 357.75500577,
       357.75500577, 357.75500577, 357.75500577, 357.75500577,
       357.75500577, 357.75500577, 357.75500577, 357.75500577,
       359.76225234, 359.76225234, 359.76225234, 359.76225234,
       359.76225234, 359.76225234, 359.76225234, 359.76225234,
       359.76225234, 359.76225234, 359.76225234, 359.76225234,
       359.76225234, 359.76225234, 359.76225234, 359.76225234,
       359.76225234, 359.76225234, 359.76225234, 359.76225234,
       359.76225234, 359.76225234, 359.76225234, 359.76225234,
       359.76225234, 359.76225234, 359.76225234, 359.76225234,
       359.76225234, 359.76225234, 359.76225234, 359.76225234,
       359.76225234, 359.76225234, 359.76225234, 359.76225234,
       359.76225234, 359.76225234, 359.76225234, 359.76225234,
       359.76225234, 359.76225234, 359.76225234, 359.76225234,
       359.76225234, 359.76225234, 359.76225234, 359.76225234])}
Disturbance 2: {'Ti': array([402.08695693, 402.08695693, 402.08695693, 402.08695693,
       402.08695693, 402.08695693, 402.08695693, 402.08695693,
       402.08695693, 402.08695693, 402.08695693, 402.08695693,
       402.08695693, 402.08695693, 402.08695693, 402.08695693,
       402.08695693, 402.08695693, 402.08695693, 402.08695693,
       402.08695693, 402.08695693, 402.08695693, 402.08695693,
       402.08695693, 402.08695693, 402.08695693, 402.08695693,
       402.08695693, 402.08695693, 402.08695693, 402.08695693,
       402.08695693, 402.08695693, 402.08695693, 402.08695693,
       402.08695693, 402.08695693, 402.08695693, 402.08695693,
       402.08695693, 402.08695693, 402.08695693, 402.08695693,
       402.08695693, 402.08695693, 360.05366537, 396.72156636,
       396.72156636, 396.72156636, 396.72156636, 396.72156636,
       396.72156636, 396.72156636, 396.72156636, 396.72156636,
       396.72156636, 396.72156636, 396.72156636, 396.72156636,
       396.72156636, 396.72156636, 396.72156636, 396.72156636,
       396.72156636, 396.72156636, 396.72156636, 396.72156636,
       396.72156636, 396.72156636, 396.72156636, 396.72156636,
       396.72156636, 396.72156636, 396.72156636, 396.72156636,
       396.72156636, 396.72156636, 396.72156636, 396.72156636,
       396.72156636, 396.72156636, 396.72156636, 396.72156636,
       396.72156636, 396.72156636, 396.72156636, 396.72156636,
       396.72156636, 396.72156636, 396.72156636, 396.72156636,
       396.72156636, 396.72156636, 396.72156636, 396.72156636,
       396.72156636, 396.72156636, 396.72156636, 396.72156636])}
Disturbance 3: {'Ti': array([436.0181763 , 436.0181763 , 436.0181763 , 436.0181763 ,
       436.0181763 , 436.0181763 , 436.0181763 , 436.0181763 ,
       436.0181763 , 436.0181763 , 436.0181763 , 436.0181763 ,
       436.0181763 , 436.0181763 , 436.0181763 , 436.0181763 ,
       436.0181763 , 436.0181763 , 436.0181763 , 436.0181763 ,
       436.0181763 , 436.0181763 , 436.0181763 , 436.0181763 ,
       436.0181763 , 436.0181763 , 436.0181763 , 436.0181763 ,
       436.0181763 , 436.0181763 , 436.0181763 , 436.0181763 ,
       436.0181763 , 436.0181763 , 436.0181763 , 436.0181763 ,
       436.0181763 , 436.0181763 , 436.0181763 , 436.0181763 ,
       436.0181763 , 436.0181763 , 436.0181763 , 436.0181763 ,
       436.0181763 , 436.0181763 , 436.0181763 , 436.0181763 ,
       436.0181763 , 436.0181763 , 436.0181763 , 436.0181763 ,
       436.0181763 , 436.0181763 , 436.0181763 , 436.0181763 ,
       436.0181763 , 436.0181763 , 436.0181763 , 436.0181763 ,
       436.0181763 , 436.0181763 , 436.0181763 , 436.0181763 ,
       436.0181763 , 436.0181763 , 436.0181763 , 436.0181763 ,
       436.0181763 , 436.0181763 , 436.0181763 , 436.0181763 ,
       436.0181763 , 436.0181763 , 392.14868518, 392.14868518,
       392.14868518, 392.14868518, 392.14868518, 392.14868518,
       392.14868518, 392.14868518, 392.14868518, 392.14868518,
       392.14868518, 392.14868518, 392.14868518, 392.14868518,
       392.14868518, 392.14868518, 422.18093193, 422.18093193,
       422.18093193, 422.18093193, 422.18093193, 422.18093193,
       422.18093193, 422.18093193, 422.18093193, 422.18093193])}
Disturbance 4: {'Ti': array([360.04222429, 360.04222429, 360.04222429, 360.04222429,
       360.04222429, 360.04222429, 360.04222429, 360.04222429,
       360.04222429, 360.04222429, 360.04222429, 360.04222429,
       360.04222429, 360.04222429, 360.04222429, 360.04222429,
       360.04222429, 360.04222429, 360.04222429, 360.04222429,
       360.04222429, 360.04222429, 360.04222429, 360.04222429,
       360.04222429, 360.04222429, 360.04222429, 360.04222429,
       360.04222429, 360.04222429, 360.04222429, 360.04222429,
       360.04222429, 360.04222429, 360.04222429, 360.04222429,
       360.04222429, 360.04222429, 360.04222429, 360.04222429,
       360.04222429, 360.04222429, 360.04222429, 360.04222429,
       360.04222429, 360.04222429, 360.04222429, 360.04222429,
       360.04222429, 360.04222429, 360.04222429, 360.04222429,
       360.04222429, 360.04222429, 371.94113576, 371.94113576,
       371.94113576, 371.94113576, 371.94113576, 371.94113576,
       371.94113576, 371.94113576, 371.94113576, 371.94113576,
       371.94113576, 371.94113576, 371.94113576, 371.94113576,
       443.10663354, 443.10663354, 443.10663354, 443.10663354,
       443.10663354, 443.10663354, 443.10663354, 443.10663354,
       443.10663354, 443.10663354, 443.10663354, 443.10663354,
       443.10663354, 443.10663354, 443.10663354, 443.10663354,
       443.10663354, 443.10663354, 443.10663354, 443.10663354,
       443.10663354, 443.10663354, 443.10663354, 443.10663354,
       443.10663354, 443.10663354, 443.10663354, 443.10663354,
       443.10663354, 443.10663354, 443.10663354, 443.10663354])}
Disturbance 5: {'Ti': array([388.87620987, 388.87620987, 388.87620987, 388.87620987,
       388.87620987, 388.87620987, 388.87620987, 388.87620987,
       388.87620987, 388.87620987, 388.87620987, 388.87620987,
       388.87620987, 388.87620987, 388.87620987, 388.87620987,
       388.87620987, 388.87620987, 388.87620987, 388.87620987,
       388.87620987, 388.87620987, 388.87620987, 388.87620987,
       388.87620987, 388.87620987, 388.87620987, 388.87620987,
       388.87620987, 388.87620987, 388.87620987, 388.87620987,
       388.87620987, 388.87620987, 388.87620987, 388.87620987,
       351.5470994 , 351.5470994 , 351.5470994 , 351.5470994 ,
       351.5470994 , 351.5470994 , 351.5470994 , 351.5470994 ,
       351.5470994 , 351.5470994 , 351.5470994 , 351.5470994 ,
       351.5470994 , 351.5470994 , 351.5470994 , 351.5470994 ,
       351.5470994 , 351.5470994 , 351.5470994 , 351.5470994 ,
       351.5470994 , 351.5470994 , 351.5470994 , 351.5470994 ,
       351.5470994 , 351.5470994 , 351.5470994 , 351.5470994 ,
       351.5470994 , 351.5470994 , 351.5470994 , 351.5470994 ,
       351.5470994 , 351.5470994 , 351.5470994 , 351.5470994 ,
       351.5470994 , 351.5470994 , 351.5470994 , 351.5470994 ,
       351.5470994 , 351.5470994 , 351.5470994 , 351.5470994 ,
       351.5470994 , 351.5470994 , 351.5470994 , 351.5470994 ,
       444.71827362, 444.71827362, 444.71827362, 444.71827362,
       444.71827362, 444.71827362, 444.71827362, 444.71827362,
       444.71827362, 444.71827362, 444.71827362, 444.71827362,
       444.71827362, 444.71827362, 444.71827362, 444.71827362])}
Disturbance 6: {'Ti': array([384.85258661, 384.85258661, 384.85258661, 384.85258661,
       384.85258661, 384.85258661, 384.85258661, 384.85258661,
       384.85258661, 384.85258661, 384.85258661, 384.85258661,
       384.85258661, 384.85258661, 384.85258661, 384.85258661,
       384.85258661, 384.85258661, 384.85258661, 384.85258661,
       384.85258661, 387.22109606, 387.22109606, 387.22109606,
       387.22109606, 387.22109606, 387.22109606, 387.22109606,
       387.22109606, 387.22109606, 387.22109606, 387.22109606,
       387.22109606, 387.22109606, 387.22109606, 387.22109606,
       387.22109606, 387.22109606, 387.22109606, 387.22109606,
       387.22109606, 387.22109606, 387.22109606, 387.22109606,
       387.22109606, 387.22109606, 387.22109606, 387.22109606,
       387.22109606, 387.22109606, 387.22109606, 387.22109606,
       387.22109606, 387.22109606, 387.22109606, 387.22109606,
       387.22109606, 387.22109606, 387.22109606, 387.22109606,
       387.22109606, 387.22109606, 387.22109606, 387.22109606,
       387.22109606, 387.22109606, 387.22109606, 387.22109606,
       387.22109606, 387.22109606, 387.22109606, 387.22109606,
       387.22109606, 387.22109606, 387.22109606, 387.22109606,
       387.22109606, 387.22109606, 387.22109606, 387.22109606,
       387.22109606, 387.22109606, 387.22109606, 387.22109606,
       387.22109606, 387.22109606, 387.22109606, 387.22109606,
       387.22109606, 387.22109606, 387.22109606, 387.22109606,
       394.45425202, 394.45425202, 394.45425202, 394.45425202,
       394.45425202, 394.45425202, 394.45425202, 394.45425202])}
Disturbance 7: {'Ti': array([411.93051168, 411.93051168, 411.93051168, 411.93051168,
       411.93051168, 411.93051168, 411.93051168, 411.93051168,
       411.93051168, 411.93051168, 411.93051168, 411.93051168,
       411.93051168, 411.93051168, 411.93051168, 411.93051168,
       411.93051168, 411.93051168, 411.93051168, 355.79439673,
       355.79439673, 355.79439673, 355.79439673, 355.79439673,
       355.79439673, 355.79439673, 355.79439673, 355.79439673,
       355.79439673, 355.79439673, 355.79439673, 355.79439673,
       355.79439673, 355.79439673, 355.79439673, 355.79439673,
       394.24255705, 394.24255705, 394.24255705, 394.24255705,
       394.24255705, 394.24255705, 394.24255705, 394.24255705,
       394.24255705, 394.24255705, 394.24255705, 394.24255705,
       394.24255705, 394.24255705, 394.24255705, 394.24255705,
       394.24255705, 394.24255705, 394.24255705, 394.24255705,
       394.24255705, 394.24255705, 394.24255705, 394.24255705,
       394.24255705, 394.24255705, 394.24255705, 394.24255705,
       394.24255705, 394.24255705, 394.24255705, 394.24255705,
       394.24255705, 394.24255705, 394.24255705, 394.24255705,
       394.24255705, 394.24255705, 394.24255705, 394.24255705,
       394.24255705, 394.24255705, 394.24255705, 394.24255705,
       394.24255705, 394.24255705, 394.24255705, 394.24255705,
       394.24255705, 394.24255705, 394.24255705, 394.24255705,
       394.24255705, 394.24255705, 394.24255705, 394.24255705,
       394.24255705, 394.24255705, 394.24255705, 394.24255705,
       394.24255705, 394.24255705, 394.24255705, 394.24255705])}
Disturbance 8: {'Ti': array([427.11481501, 427.11481501, 427.11481501, 427.11481501,
       357.47571696, 357.47571696, 357.47571696, 357.47571696,
       357.47571696, 357.47571696, 357.47571696, 357.47571696,
       402.63100229, 402.63100229, 402.63100229, 402.63100229,
       402.63100229, 402.63100229, 402.63100229, 402.63100229,
       402.63100229, 402.63100229, 402.63100229, 402.63100229,
       402.63100229, 402.63100229, 402.63100229, 402.63100229,
       402.63100229, 402.63100229, 402.63100229, 402.63100229,
       402.63100229, 402.63100229, 402.63100229, 402.63100229,
       402.63100229, 402.63100229, 402.63100229, 402.63100229,
       402.63100229, 402.63100229, 402.63100229, 402.63100229,
       402.63100229, 402.63100229, 402.63100229, 402.63100229,
       402.63100229, 402.63100229, 402.63100229, 402.63100229,
       402.63100229, 402.63100229, 402.63100229, 402.63100229,
       402.63100229, 402.63100229, 402.63100229, 402.63100229,
       402.63100229, 402.63100229, 402.63100229, 402.63100229,
       402.63100229, 402.63100229, 402.63100229, 402.63100229,
       402.63100229, 402.63100229, 402.63100229, 402.63100229,
       402.63100229, 402.63100229, 402.63100229, 402.63100229,
       402.63100229, 402.63100229, 402.63100229, 402.63100229,
       402.63100229, 402.63100229, 402.63100229, 402.63100229,
       402.63100229, 402.63100229, 402.63100229, 402.63100229,
       402.63100229, 402.63100229, 402.63100229, 402.63100229,
       402.63100229, 402.63100229, 402.63100229, 402.63100229,
       402.63100229, 402.63100229, 402.63100229, 402.63100229])}
Disturbance 9: {'Ti': array([405.94455767, 405.94455767, 405.94455767, 405.94455767,
       405.94455767, 405.94455767, 405.94455767, 405.94455767,
       405.94455767, 405.94455767, 405.94455767, 405.94455767,
       405.94455767, 405.94455767, 405.94455767, 405.94455767,
       405.94455767, 405.94455767, 405.94455767, 405.94455767,
       405.94455767, 405.94455767, 405.94455767, 405.94455767,
       426.14919907, 426.14919907, 426.14919907, 426.14919907,
       426.14919907, 426.14919907, 426.14919907, 426.14919907,
       426.14919907, 426.14919907, 426.14919907, 426.14919907,
       426.14919907, 426.14919907, 426.14919907, 426.14919907,
       426.14919907, 426.14919907, 426.14919907, 426.14919907,
       426.14919907, 426.14919907, 426.14919907, 426.14919907,
       426.14919907, 426.14919907, 426.14919907, 426.14919907,
       426.14919907, 426.14919907, 426.14919907, 426.14919907,
       426.14919907, 426.14919907, 426.14919907, 426.14919907,
       426.14919907, 426.14919907, 426.14919907, 426.14919907,
       426.14919907, 426.14919907, 426.14919907, 426.14919907,
       426.14919907, 426.14919907, 426.14919907, 426.14919907,
       426.14919907, 426.14919907, 426.14919907, 426.14919907,
       426.14919907, 426.14919907, 426.14919907, 426.14919907,
       426.14919907, 426.14919907, 426.14919907, 426.14919907,
       426.14919907, 426.14919907, 426.14919907, 374.45315543,
       374.45315543, 374.45315543, 374.45315543, 374.45315543,
       374.45315543, 374.45315543, 374.45315543, 374.45315543,
       374.45315543, 374.45315543, 374.45315543, 374.45315543])}
Disturbance 10: {'Ti': array([432.45201737, 432.45201737, 432.45201737, 432.45201737,
       432.45201737, 432.45201737, 432.45201737, 432.45201737,
       432.45201737, 432.45201737, 432.45201737, 432.45201737,
       432.45201737, 432.45201737, 432.45201737, 432.45201737,
       432.45201737, 432.45201737, 432.45201737, 432.45201737,
       432.45201737, 432.45201737, 432.45201737, 448.46267585,
       448.46267585, 448.46267585, 448.46267585, 448.46267585,
       448.46267585, 448.46267585, 448.46267585, 448.46267585,
       448.46267585, 448.46267585, 448.46267585, 448.46267585,
       448.46267585, 448.46267585, 448.46267585, 448.46267585,
       448.46267585, 448.46267585, 448.46267585, 439.31445167,
       439.31445167, 439.31445167, 439.31445167, 439.31445167,
       439.31445167, 439.31445167, 439.31445167, 439.31445167,
       439.31445167, 439.31445167, 439.31445167, 439.31445167,
       439.31445167, 439.31445167, 439.31445167, 439.31445167,
       439.31445167, 439.31445167, 439.31445167, 439.31445167,
       439.31445167, 439.31445167, 439.31445167, 439.31445167,
       439.31445167, 439.31445167, 439.31445167, 439.31445167,
       439.31445167, 439.31445167, 439.31445167, 439.31445167,
       439.31445167, 439.31445167, 439.31445167, 439.31445167,
       439.31445167, 439.31445167, 439.31445167, 439.31445167,
       439.31445167, 439.31445167, 439.31445167, 439.31445167,
       439.31445167, 439.31445167, 439.31445167, 439.31445167,
       439.31445167, 439.31445167, 439.31445167, 439.31445167,
       439.31445167, 439.31445167, 439.31445167, 439.31445167])}
