Disturbance 1: {'Ti': array([365.53840802, 365.53840802, 365.53840802, 365.53840802,
       365.53840802, 365.53840802, 365.53840802, 365.53840802,
       365.53840802, 365.53840802, 365.53840802, 365.53840802,
       365.53840802, 365.53840802, 365.53840802, 365.53840802,
       365.53840802, 320.42850404, 320.42850404, 320.42850404,
       320.42850404, 320.42850404, 320.42850404, 320.42850404,
       320.42850404, 320.42850404, 320.42850404, 320.42850404,
       320.42850404, 320.42850404, 320.42850404, 320.42850404,
       320.42850404, 320.42850404, 320.42850404, 320.42850404,
       320.42850404, 320.42850404, 320.42850404, 320.42850404,
       320.42850404, 320.42850404, 320.42850404, 320.42850404,
       320.42850404, 320.42850404, 320.42850404, 320.42850404,
       320.42850404, 320.42850404, 320.42850404, 320.42850404,
       321.83357664, 321.83357664, 321.83357664, 321.83357664,
       321.83357664, 321.83357664, 321.83357664, 321.83357664,
       321.83357664, 321.83357664, 321.83357664, 321.83357664,
       321.83357664, 321.83357664, 321.83357664, 321.83357664,
       321.83357664, 321.83357664, 321.83357664, 321.83357664,
       321.83357664, 321.83357664, 321.83357664, 321.83357664,
       321.83357664, 321.83357664, 321.83357664, 321.83357664,
       321.83357664, 321.83357664, 321.83357664, 321.83357664,
       321.83357664, 321.83357664, 321.83357664, 321.83357664,
       321.83357664, 321.83357664, 321.83357664, 321.83357664,
       321.83357664, 321.83357664, 321.83357664, 321.83357664,
       321.83357664, 321.83357664, 321.83357664, 321.83357664])}
Disturbance 2: {'Ti': array([351.46086985, 351.46086985, 351.46086985, 351.46086985,
       351.46086985, 351.46086985, 351.46086985, 351.46086985,
       351.46086985, 351.46086985, 351.46086985, 351.46086985,
       351.46086985, 351.46086985, 351.46086985, 351.46086985,
       351.46086985, 351.46086985, 351.46086985, 351.46086985,
       351.46086985, 351.46086985, 351.46086985, 351.46086985,
       351.46086985, 351.46086985, 351.46086985, 351.46086985,
       351.46086985, 351.46086985, 351.46086985, 351.46086985,
       351.46086985, 351.46086985, 351.46086985, 351.46086985,
       351.46086985, 351.46086985, 351.46086985, 351.46086985,
       351.46086985, 351.46086985, 351.46086985, 351.46086985,
       351.46086985, 351.46086985, 322.03756576, 347.70509645,
       347.70509645, 347.70509645, 347.70509645, 347.70509645,
       347.70509645, 347.70509645, 347.70509645, 347.70509645,
       347.70509645, 347.70509645, 347.70509645, 347.70509645,
       347.70509645, 347.70509645, 347.70509645, 347.70509645,
       347.70509645, 347.70509645, 347.70509645, 347.70509645,
       347.70509645, 347.70509645, 347.70509645, 347.70509645,
       347.70509645, 347.70509645, 347.70509645, 347.70509645,
       347.70509645, 347.70509645, 347.70509645, 347.70509645,
       347.70509645, 347.70509645, 347.70509645, 347.70509645,
       347.70509645, 347.70509645, 347.70509645, 347.70509645,
       347.70509645, 347.70509645, 347.70509645, 347.70509645,
       347.70509645, 347.70509645, 347.70509645, 347.70509645,
       347.70509645, 347.70509645, 347.70509645, 347.70509645])}
Disturbance 3: {'Ti': array([375.21272341, 375.21272341, 375.21272341, 375.21272341,
       375.21272341, 375.21272341, 375.21272341, 375.21272341,
       375.21272341, 375.21272341, 375.21272341, 375.21272341,
       375.21272341, 375.21272341, 375.21272341, 375.21272341,
       375.21272341, 375.21272341, 375.21272341, 375.21272341,
       375.21272341, 375.21272341, 375.21272341, 375.21272341,
       375.21272341, 375.21272341, 375.21272341, 375.21272341,
       375.21272341, 375.21272341, 375.21272341, 375.21272341,
       375.21272341, 375.21272341, 375.21272341, 375.21272341,
       375.21272341, 375.21272341, 375.21272341, 375.21272341,
       375.21272341, 375.21272341, 375.21272341, 375.21272341,
       375.21272341, 375.21272341, 375.21272341, 375.21272341,
       375.21272341, 375.21272341, 375.21272341, 375.21272341,
       375.21272341, 375.21272341, 375.21272341, 375.21272341,
       375.21272341, 375.21272341, 375.21272341, 375.21272341,
       375.21272341, 375.21272341, 375.21272341, 375.21272341,
       375.21272341, 375.21272341, 375.21272341, 375.21272341,
       375.21272341, 375.21272341, 375.21272341, 375.21272341,
       375.21272341, 375.21272341, 344.50407963, 344.50407963,
       344.50407963, 344.50407963, 344.50407963, 344.50407963,
       344.50407963, 344.50407963, 344.50407963, 344.50407963,
       344.50407963, 344.50407963, 344.50407963, 344.50407963,
       344.50407963, 344.50407963, 365.52665235, 365.52665235,
       365.52665235, 365.52665235, 365.52665235, 365.52665235,
       365.52665235, 365.52665235, 365.52665235, 365.52665235])}
Disturbance 4: {'Ti': array([322.029557  , 322.029557  , 322.029557  , 322.029557  ,
       322.029557  , 322.029557  , 322.029557  , 322.029557  ,
       322.029557  , 322.029557  , 322.029557  , 322.029557  ,
       322.029557  , 322.029557  , 322.029557  , 322.029557  ,
       322.029557  , 322.029557  , 322.029557  , 322.029557  ,
       322.029557  , 322.029557  , 322.029557  , 322.029557  ,
       322.029557  , 322.029557  , 322.029557  , 322.029557  ,
       322.029557  , 322.029557  , 322.029557  , 322.029557  ,
       322.029557  , 322.029557  , 322.029557  , 322.029557  ,
       322.029557  , 322.029557  , 322.029557  , 322.029557  ,
       322.029557  , 322.029557  , 322.029557  , 322.029557  ,
       322.029557  , 322.029557  , 322.029557  , 322.029557  ,
       322.029557  , 322.029557  , 322.029557  , 322.029557  ,
       322.029557  , 322.029557  , 330.35879503, 330.35879503,
       330.35879503, 330.35879503, 330.35879503, 330.35879503,
       330.35879503, 330.35879503, 330.35879503, 330.35879503,
       330.35879503, 330.35879503, 330.35879503, 330.35879503,
       380.17464348, 380.17464348, 380.17464348, 380.17464348,
       380.17464348, 380.17464348, 380.17464348, 380.17464348,
       380.17464348, 380.17464348, 380.17464348, 380.17464348,
       380.17464348, 380.17464348, 380.17464348, 380.17464348,
       380.17464348, 380.17464348, 380.17464348, 380.17464348,
       380.17464348, 380.17464348, 380.17464348, 380.17464348,
       380.17464348, 380.17464348, 380.17464348, 380.17464348,
       380.17464348, 380.17464348, 380.17464348, 380.17464348])}
Disturbance 5: {'Ti': array([342.21334691, 342.21334691, 342.21334691, 342.21334691,
       342.21334691, 342.21334691, 342.21334691, 342.21334691,
       342.21334691, 342.21334691, 342.21334691, 342.21334691,
       342.21334691, 342.21334691, 342.21334691, 342.21334691,
       342.21334691, 342.21334691, 342.21334691, 342.21334691,
       342.21334691, 342.21334691, 342.21334691, 342.21334691,
       342.21334691, 342.21334691, 342.21334691, 342.21334691,
       342.21334691, 342.21334691, 342.21334691, 342.21334691,
       342.21334691, 342.21334691, 342.21334691, 342.21334691,
       316.08296958, 316.08296958, 316.08296958, 316.08296958,
       316.08296958, 316.08296958, 316.08296958, 316.08296958,
       316.08296958, 316.08296958, 316.08296958, 316.08296958,
       316.08296958, 316.08296958, 316.08296958, 316.08296958,
       316.08296958, 316.08296958, 316.08296958, 316.08296958,
       316.08296958, 316.08296958, 316.08296958, 316.08296958,
       316.08296958, 316.08296958, 316.08296958, 316.08296958,
       316.08296958, 316.08296958, 316.08296958, 316.08296958,
       316.08296958, 316.08296958, 316.08296958, 316.08296958,
       316.08296958, 316.08296958, 316.08296958, 316.08296958,
       316.08296958, 316.08296958, 316.08296958, 316.08296958,
       316.08296958, 316.08296958, 316.08296958, 316.08296958,
       381.30279154, 381.30279154, 381.30279154, 381.30279154,
       381.30279154, 381.30279154, 381.30279154, 381.30279154,
       381.30279154, 381.30279154, 381.30279154, 381.30279154,
       381.30279154, 381.30279154, 381.30279154, 381.30279154])}
Disturbance 6: {'Ti': array([339.39681063, 339.39681063, 339.39681063, 339.39681063,
       339.39681063, 339.39681063, 339.39681063, 339.39681063,
       339.39681063, 339.39681063, 339.39681063, 339.39681063,
       339.39681063, 339.39681063, 339.39681063, 339.39681063,
       339.39681063, 339.39681063, 339.39681063, 339.39681063,
       339.39681063, 341.05476724, 341.05476724, 341.05476724,
       341.05476724, 341.05476724, 341.05476724, 341.05476724,
       341.05476724, 341.05476724, 341.05476724, 341.05476724,
       341.05476724, 341.05476724, 341.05476724, 341.05476724,
       341.05476724, 341.05476724, 341.05476724, 341.05476724,
       341.05476724, 341.05476724, 341.05476724, 341.05476724,
       341.05476724, 341.05476724, 341.05476724, 341.05476724,
       341.05476724, 341.05476724, 341.05476724, 341.05476724,
       341.05476724, 341.05476724, 341.05476724, 341.05476724,
       341.05476724, 341.05476724, 341.05476724, 341.05476724,
       341.05476724, 341.05476724, 341.05476724, 341.05476724,
       341.05476724, 341.05476724, 341.05476724, 341.05476724,
       341.05476724, 341.05476724, 341.05476724, 341.05476724,
       341.05476724, 341.05476724, 341.05476724, 341.05476724,
       341.05476724, 341.05476724, 341.05476724, 341.05476724,
       341.05476724, 341.05476724, 341.05476724, 341.05476724,
       341.05476724, 341.05476724, 341.05476724, 341.05476724,
       341.05476724, 341.05476724, 341.05476724, 341.05476724,
       346.11797642, 346.11797642, 346.11797642, 346.11797642,
       346.11797642, 346.11797642, 346.11797642, 346.11797642])}
Disturbance 7: {'Ti': array([358.35135817, 358.35135817, 358.35135817, 358.35135817,
       358.35135817, 358.35135817, 358.35135817, 358.35135817,
       358.35135817, 358.35135817, 358.35135817, 358.35135817,
       358.35135817, 358.35135817, 358.35135817, 358.35135817,
       358.35135817, 358.35135817, 358.35135817, 319.05607771,
       319.05607771, 319.05607771, 319.05607771, 319.05607771,
       319.05607771, 319.05607771, 319.05607771, 319.05607771,
       319.05607771, 319.05607771, 319.05607771, 319.05607771,
       319.05607771, 319.05607771, 319.05607771, 319.05607771,
       345.96978994, 345.96978994, 345.96978994, 345.96978994,
       345.96978994, 345.96978994, 345.96978994, 345.96978994,
       345.96978994, 345.96978994, 345.96978994, 345.96978994,
       345.96978994, 345.96978994, 345.96978994, 345.96978994,
       345.96978994, 345.96978994, 345.96978994, 345.96978994,
       345.96978994, 345.96978994, 345.96978994, 345.96978994,
       345.96978994, 345.96978994, 345.96978994, 345.96978994,
       345.96978994, 345.96978994, 345.96978994, 345.96978994,
       345.96978994, 345.96978994, 345.96978994, 345.96978994,
       345.96978994, 345.96978994, 345.96978994, 345.96978994,
       345.96978994, 345.96978994, 345.96978994, 345.96978994,
       345.96978994, 345.96978994, 345.96978994, 345.96978994,
       345.96978994, 345.96978994, 345.96978994, 345.96978994,
       345.96978994, 345.96978994, 345.96978994, 345.96978994,
       345.96978994, 345.96978994, 345.96978994, 345.96978994,
       345.96978994, 345.96978994, 345.96978994, 345.96978994])}
Disturbance 8: {'Ti': array([368.98037051, 368.98037051, 368.98037051, 368.98037051,
       320.23300187, 320.23300187, 320.23300187, 320.23300187,
       320.23300187, 320.23300187, 320.23300187, 320.23300187,
       351.84170161, 351.84170161, 351.84170161, 351.84170161,
       351.84170161, 351.84170161, 351.84170161, 351.84170161,
       351.84170161, 351.84170161, 351.84170161, 351.84170161,
       351.84170161, 351.84170161, 351.84170161, 351.84170161,
       351.84170161, 351.84170161, 351.84170161, 351.84170161,
       351.84170161, 351.84170161, 351.84170161, 351.84170161,
       351.84170161, 351.84170161, 351.84170161, 351.84170161,
       351.84170161, 351.84170161, 351.84170161, 351.84170161,
       351.84170161, 351.84170161, 351.84170161, 351.84170161,
       351.84170161, 351.84170161, 351.84170161, 351.84170161,
       351.84170161, 351.84170161, 351.84170161, 351.84170161,
       351.84170161, 351.84170161, 351.84170161, 351.84170161,
       351.84170161, 351.84170161, 351.84170161, 351.84170161,
       351.84170161, 351.84170161, 351.84170161, 351.84170161,
       351.84170161, 351.84170161, 351.84170161, 351.84170161,
       351.84170161, 351.84170161, 351.84170161, 351.84170161,
       351.84170161, 351.84170161, 351.84170161, 351.84170161,
       351.84170161, 351.84170161, 351.84170161, 351.84170161,
       351.84170161, 351.84170161, 351.84170161, 351.84170161,
       351.84170161, 351.84170161, 351.84170161, 351.84170161,
       351.84170161, 351.84170161, 351.84170161, 351.84170161,
       351.84170161, 351.84170161, 351.84170161, 351.84170161])}
Disturbance 9: {'Ti': array([354.16119037, 354.16119037, 354.16119037, 354.16119037,
       354.16119037, 354.16119037, 354.16119037, 354.16119037,
       354.16119037, 354.16119037, 354.16119037, 354.16119037,
       354.16119037, 354.16119037, 354.16119037, 354.16119037,
       354.16119037, 354.16119037, 354.16119037, 354.16119037,
       354.16119037, 354.16119037, 354.16119037, 354.16119037,
       368.30443935, 368.30443935, 368.30443935, 368.30443935,
       368.30443935, 368.30443935, 368.30443935, 368.30443935,
       368.30443935, 368.30443935, 368.30443935, 368.30443935,
       368.30443935, 368.30443935, 368.30443935, 368.30443935,
       368.30443935, 368.30443935, 368.30443935, 368.30443935,
       368.30443935, 368.30443935, 368.30443935, 368.30443935,
       368.30443935, 368.30443935, 368.30443935, 368.30443935,
       368.30443935, 368.30443935, 368.30443935, 368.30443935,
       368.30443935, 368.30443935, 368.30443935, 368.30443935,
       368.30443935, 368.30443935, 368.30443935, 368.30443935,
       368.30443935, 368.30443935, 368.30443935, 368.30443935,
       368.30443935, 368.30443935, 368.30443935, 368.30443935,
       368.30443935, 368.30443935, 368.30443935, 368.30443935,
       368.30443935, 368.30443935, 368.30443935, 368.30443935,
       368.30443935, 368.30443935, 368.30443935, 368.30443935,
       368.30443935, 368.30443935, 368.30443935, 332.1172088 ,
       332.1172088 , 332.1172088 , 332.1172088 , 332.1172088 ,
       332.1172088 , 332.1172088 , 332.1172088 , 332.1172088 ,
       332.1172088 , 332.1172088 , 332.1172088 , 332.1172088 ])}
Disturbance 10: {'Ti': array([372.71641216, 372.71641216, 372.71641216, 372.71641216,
       372.71641216, 372.71641216, 372.71641216, 372.71641216,
       372.71641216, 372.71641216, 372.71641216, 372.71641216,
       372.71641216, 372.71641216, 372.71641216, 372.71641216,
       372.71641216, 372.71641216, 372.71641216, 372.71641216,
       372.71641216, 372.71641216, 372.71641216, 383.9238731 ,
       383.9238731 , 383.9238731 , 383.9238731 , 383.9238731 ,
       383.9238731 , 383.9238731 , 383.9238731 , 383.9238731 ,
       383.9238731 , 383.9238731 , 383.9238731 , 383.9238731 ,
       383.9238731 , 383.9238731 , 383.9238731 , 383.9238731 ,
       383.9238731 , 383.9238731 , 383.9238731 , 377.52011617,
       377.52011617, 377.52011617, 377.52011617, 377.52011617,
       377.52011617, 377.52011617, 377.52011617, 377.52011617,
       377.52011617, 377.52011617, 377.52011617, 377.52011617,
       377.52011617, 377.52011617, 377.52011617, 377.52011617,
       377.52011617, 377.52011617, 377.52011617, 377.52011617,
       377.52011617, 377.52011617, 377.52011617, 377.52011617,
       377.52011617, 377.52011617, 377.52011617, 377.52011617,
       377.52011617, 377.52011617, 377.52011617, 377.52011617,
       377.52011617, 377.52011617, 377.52011617, 377.52011617,
       377.52011617, 377.52011617, 377.52011617, 377.52011617,
       377.52011617, 377.52011617, 377.52011617, 377.52011617,
       377.52011617, 377.52011617, 377.52011617, 377.52011617,
       377.52011617, 377.52011617, 377.52011617, 377.52011617,
       377.52011617, 377.52011617, 377.52011617, 377.52011617])}
