1st: Disturbance test: 
scalarised_performance: {'oracle': {'r': array([[-4.01692128e-02, -2.04093742e-04, -1.66278909e-03,
        -1.29143015e-03, -7.89664758e-04, -5.13720925e-04,
        -3.53520872e-04, -2.49814154e-04, -1.79243688e-04,
        -1.30220207e-04, -9.56857644e-05, -7.10602914e-05,
        -5.33184901e-05, -4.04297466e-05, -3.10055861e-05,
        -2.40802636e-05, -1.89714974e-05, -1.51917838e-05,
        -1.23892478e-05, -1.03077252e-05, -8.75979149e-06,
        -7.60757448e-06, -6.74930317e-06, -6.10962702e-06,
        -5.63268108e-06, -5.27696968e-06, -5.01162953e-06,
        -4.81367112e-06, -4.66596076e-06, -4.55573381e-06,
        -4.47346905e-06, -4.41212942e-06, -7.22354927e-05,
        -1.08750682e-05, -6.45656391e-06, -7.63138175e-06,
        -6.86523204e-06, -6.39621848e-06, -6.14857223e-06,
        -5.98469035e-06, -5.86278754e-06, -5.77085365e-06,
        -5.70192144e-06, -5.65044833e-06, -5.61196269e-06,
        -5.58319976e-06, -5.56170911e-06, -5.54565422e-06,
        -5.53366121e-06, -5.52470183e-06, -5.51801346e-06,
        -5.51302074e-06, -5.50928815e-06, -5.50649839e-06,
        -5.50441655e-06, -5.50285998e-06, -5.50169981e-06,
        -5.50083677e-06, -3.99721610e-05, -9.16998542e-06,
        -8.41986996e-07, -1.52680331e-06, -1.07088531e-06,
        -7.89223033e-07, -6.38903460e-07, -5.39153890e-07,
        -4.65048881e-07, -4.09289756e-07, -3.67479836e-07,
        -3.36237882e-07, -3.12910991e-07, -2.95494827e-07,
        -2.82490529e-07, -2.72782840e-07, -2.65535749e-07,
        -2.60131119e-07, -2.56092928e-07, -2.54868704e-07,
        -2.56208746e-07, -2.57887097e-07, -2.59133372e-07,
        -2.60067453e-07, -2.60766709e-07, -2.61287930e-07,
        -2.61676950e-07, -2.61968028e-07, -2.62184864e-07,
        -2.62346757e-07, -2.62467497e-07, -2.62557496e-07,
        -2.62624215e-07, -2.62673324e-07, -2.62717293e-07,
        -2.62742152e-07, -2.62759556e-07, -2.62772970e-07,
        -2.62782988e-07, -2.62790653e-07, -2.62796486e-07,
        -2.62800912e-07, -2.62804269e-07, -2.62806816e-07,
        -2.62808748e-07, -2.62810214e-07, -2.62811327e-07,
        -2.62812171e-07, -2.62812811e-07, -2.62813297e-07,
        -2.62813665e-07, -2.62813945e-07, -2.62814157e-07,
        -2.62814318e-07, -2.62814440e-07, -2.62814533e-07,
        -2.62814644e-07, -2.62814661e-07, -2.62814718e-07,
        -2.62814745e-07, -2.62814762e-07, -2.62814777e-07,
        -2.62814787e-07, -2.62814796e-07, -2.62814802e-07,
        -2.62814807e-07, -2.62814811e-07, -2.62814814e-07,
        -2.62814816e-07, -2.62814818e-07, -2.62814820e-07,
        -2.62814821e-07, -2.62814821e-07, -2.62814822e-07,
        -2.62814823e-07, -2.62814823e-07, -2.62814823e-07,
        -2.62814823e-07, -2.62814824e-07, -2.62814824e-07,
        -2.62814824e-07, -2.62814824e-07, -2.62814824e-07,
        -2.62814824e-07, -2.62814824e-07, -2.62814824e-07,
        -2.62814824e-07, -2.62814824e-07, -2.62814824e-07,
        -2.62814824e-07, -2.62814824e-07, -2.62814824e-07]])}, 'SAC': {'r': array([[-0.00335356, -0.17460844, -0.04972148, -0.01797273, -0.00401543,
        -0.00102724, -0.00240013, -0.00292397, -0.002756  , -0.00121787,
        -0.00103126, -0.00126247, -0.00125616, -0.00167583, -0.00131675,
        -0.00169636, -0.00137544, -0.00223472, -0.0013514 , -0.00161465,
        -0.001612  , -0.00147061, -0.00105261, -0.00126085, -0.00133965,
        -0.00101118, -0.00096524, -0.00172792, -0.00189911, -0.00116239,
        -0.0012881 , -0.00096462, -0.01547743, -0.01426154, -0.0139706 ,
        -0.010675  , -0.00890793, -0.00763809, -0.00455778, -0.00581824,
        -0.00373772, -0.00329862, -0.00406877, -0.00573636, -0.0064404 ,
        -0.00671637, -0.00463507, -0.00450297, -0.00388768, -0.00469893,
        -0.00213839, -0.00299465, -0.00241325, -0.00149245, -0.00119205,
        -0.00110358, -0.00095534, -0.00400371, -0.00123466, -0.00263715,
        -0.00183503, -0.00136017, -0.00208132, -0.00142734, -0.00124452,
        -0.0009587 , -0.00093614, -0.00090977, -0.00159613, -0.00197568,
        -0.00227392, -0.00143614, -0.00213839, -0.00093614, -0.00100849,
        -0.00101578, -0.00125208, -0.00100326, -0.00097138, -0.00099419,
        -0.00241326, -0.00160755, -0.00209415, -0.00229986, -0.0019505 ,
        -0.00119205, -0.00127603, -0.0017427 , -0.00125915, -0.00106062,
        -0.00135452, -0.0021202 , -0.00157922, -0.00090978, -0.00125915,
        -0.00120508, -0.00097157, -0.00109796, -0.00150186, -0.00152542,
        -0.00090977, -0.00117295, -0.00119205, -0.00173762, -0.00093752,
        -0.00169158, -0.00121463, -0.00097155, -0.00114531, -0.00125209,
        -0.00131903, -0.00205788, -0.00173606, -0.002138  , -0.00298263,
        -0.00256896, -0.00183873, -0.00305419, -0.0016524 , -0.00102722,
        -0.00097204, -0.00109635, -0.0013446 , -0.00103498, -0.00130234,
        -0.00130664, -0.00119204, -0.00124453, -0.00160813, -0.00124871,
        -0.00140562, -0.00100324, -0.00167584, -0.00306159, -0.00224829,
        -0.00116106, -0.00107539, -0.00105539, -0.00119205, -0.00119207,
        -0.00103268, -0.00112205, -0.00107617, -0.00145074, -0.00099504,
        -0.00105692, -0.00130357, -0.00114812, -0.00100754, -0.0009115 ]])}, 'PPO': {'r': array([[-0.00841933, -0.21177057, -0.03353166, -0.01169575, -0.00265913,
        -0.00222445, -0.00195621, -0.00112241, -0.00163303, -0.00085661,
        -0.00082465, -0.00157538, -0.00144868, -0.00138789, -0.00086769,
        -0.00214906, -0.00249855, -0.00329382, -0.00284556, -0.00238936,
        -0.00113296, -0.00172845, -0.00289082, -0.00137516, -0.00183783,
        -0.00134626, -0.00117673, -0.00202896, -0.00209342, -0.00264292,
        -0.00137361, -0.00173557, -0.0071468 , -0.00472302, -0.00354162,
        -0.0031595 , -0.00191062, -0.00228856, -0.00212837, -0.00151404,
        -0.00240765, -0.00215609, -0.00238001, -0.00231445, -0.00324223,
        -0.00329487, -0.0028638 , -0.00286208, -0.00196702, -0.00164978,
        -0.00134042, -0.00170594, -0.00118135, -0.00144186, -0.00175213,
        -0.00179743, -0.0013119 , -0.0022066 , -0.00461769, -0.00138792,
        -0.00088262, -0.00089088, -0.00107364, -0.0013679 , -0.00087089,
        -0.00089869, -0.00099403, -0.00095708, -0.00096333, -0.00113434,
        -0.00110964, -0.00096935, -0.00100565, -0.000923  , -0.00088293,
        -0.00086807, -0.00085962, -0.00088264, -0.00147788, -0.00095423,
        -0.0011099 , -0.00099574, -0.00085518, -0.00096933, -0.00092301,
        -0.0013736 , -0.00087462, -0.00128423, -0.00088264, -0.00176973,
        -0.00109692, -0.0013023 , -0.00092301, -0.00107607, -0.00097334,
        -0.00134627, -0.00094925, -0.00084507, -0.00099404, -0.00083078,
        -0.00107421, -0.00087945, -0.00169377, -0.00115446, -0.00099404,
        -0.00111681, -0.00099406, -0.00093511, -0.00086557, -0.00110964,
        -0.00100006, -0.00124793, -0.00191377, -0.00154148, -0.00085205,
        -0.00101002, -0.0011279 , -0.0011041 , -0.00092303, -0.00087783,
        -0.00084064, -0.00085042, -0.00138344, -0.0008677 , -0.00093793,
        -0.00093512, -0.00093512, -0.00092302, -0.00093793, -0.00092302,
        -0.00122224, -0.00122295, -0.00088264, -0.00134626, -0.00092303,
        -0.00096936, -0.00107206, -0.0014869 , -0.00084538, -0.00092301,
        -0.00098204, -0.00091002, -0.00091203, -0.00090412, -0.00152898,
        -0.00088866, -0.00099867, -0.00125311, -0.00085831, -0.00091332]])}, 'DDPG': {'r': array([[-0.00933989, -0.12342286, -0.00898889, -0.00879155, -0.01242899,
        -0.00798806, -0.00608253, -0.0073092 , -0.00731762, -0.00656489,
        -0.00634536, -0.00625229, -0.00595963, -0.00598777, -0.00580157,
        -0.00564592, -0.0056862 , -0.00568456, -0.0057259 , -0.00564517,
        -0.00551706, -0.005541  , -0.00561684, -0.0056316 , -0.00564537,
        -0.00564224, -0.00561727, -0.00561312, -0.0056234 , -0.00558177,
        -0.00556132, -0.00560277, -0.01427291, -0.00880009, -0.00820239,
        -0.00501197, -0.0081404 , -0.00919877, -0.0092322 , -0.00932482,
        -0.00917763, -0.00932215, -0.00933804, -0.00933962, -0.00933982,
        -0.00924693, -0.00932582, -0.00922197, -0.00914386, -0.00931542,
        -0.00932756, -0.00932419, -0.0092983 , -0.00933831, -0.00928619,
        -0.00933836, -0.00933436, -0.0093168 , -0.00666275, -0.02251112,
        -0.0269256 , -0.00819161, -0.01670764, -0.005754  , -0.01487114,
        -0.00622335, -0.01446803, -0.00710313, -0.01410847, -0.00595911,
        -0.01405173, -0.00673017, -0.0141263 , -0.00730888, -0.01414886,
        -0.006323  , -0.01408769, -0.00796056, -0.00829753, -0.01040515,
        -0.0073231 , -0.01399374, -0.00662806, -0.01397873, -0.00677445,
        -0.01326607, -0.00576099, -0.00794342, -0.00670506, -0.01348836,
        -0.00679684, -0.00876197, -0.00661164, -0.01211813, -0.007427  ,
        -0.01331175, -0.00725718, -0.01391089, -0.00629996, -0.01395037,
        -0.00741804, -0.01403637, -0.00613531, -0.01403216, -0.0067827 ,
        -0.01394978, -0.00715405, -0.01403037, -0.0067968 , -0.01403328,
        -0.00726384, -0.01227859, -0.00740667, -0.0140647 , -0.00628688,
        -0.01408967, -0.00659863, -0.00848246, -0.0084809 , -0.00820254,
        -0.00766986, -0.00756648, -0.01226094, -0.00626723, -0.01409303,
        -0.00631757, -0.0141578 , -0.00684167, -0.01396752, -0.00479076,
        -0.0142685 , -0.00579174, -0.01411967, -0.00672723, -0.01415754,
        -0.00721249, -0.01396827, -0.00656389, -0.01404597, -0.00687626,
        -0.01417343, -0.00622348, -0.01334814, -0.00691693, -0.01399303,
        -0.00711457, -0.01394992, -0.00730894, -0.01392673, -0.00677513]])}, 'TD3': {'r': array([[-0.00944226, -0.12332049, -0.00905187, -0.00821933, -0.01308047,
        -0.00799661, -0.00782878, -0.00805309, -0.00728093, -0.00662151,
        -0.00640537, -0.00604641, -0.00596397, -0.00586021, -0.00577899,
        -0.00574489, -0.00567873, -0.00568954, -0.00563383, -0.00559387,
        -0.00555118, -0.0055477 , -0.00552592, -0.00564329, -0.00555268,
        -0.00562455, -0.00562009, -0.00552769, -0.00555094, -0.00559932,
        -0.00559102, -0.00559772, -0.01448311, -0.0123695 , -0.00674108,
        -0.00576107, -0.00889125, -0.00887118, -0.00943563, -0.00943958,
        -0.0093934 , -0.00944208, -0.00937739, -0.00940236, -0.00942051,
        -0.0094302 , -0.00936019, -0.00944191, -0.00941819, -0.00927418,
        -0.00926374, -0.00939867, -0.00944185, -0.00940203, -0.00942621,
        -0.00941604, -0.0094134 , -0.00939364, -0.00831424, -0.02261653,
        -0.02652542, -0.01554156, -0.00755832, -0.01210709, -0.00715402,
        -0.0146569 , -0.00663969, -0.01418739, -0.00650708, -0.01416263,
        -0.00647575, -0.01418285, -0.00654278, -0.01409025, -0.00715474,
        -0.01421745, -0.00588347, -0.01414839, -0.00680075, -0.01144898,
        -0.00814355, -0.01409819, -0.00674086, -0.01408501, -0.00500279,
        -0.01402111, -0.00683764, -0.00822801, -0.00914602, -0.00790824,
        -0.01400128, -0.00672637, -0.01396506, -0.00534855, -0.01396907,
        -0.00673185, -0.01396607, -0.00803294, -0.01402127, -0.00727358,
        -0.01396013, -0.00675056, -0.01409773, -0.00670415, -0.01396848,
        -0.00667122, -0.01292326, -0.00689288, -0.01393334, -0.00513428,
        -0.01447226, -0.00745251, -0.01427434, -0.00756437, -0.01430247,
        -0.00797734, -0.00892861, -0.00776813, -0.01275533, -0.00856191,
        -0.00844308, -0.00650715, -0.01393417, -0.00582356, -0.01401645,
        -0.00670455, -0.01407615, -0.00707496, -0.01408709, -0.00741734,
        -0.01384153, -0.00665567, -0.0140112 , -0.00722583, -0.0139214 ,
        -0.00802384, -0.0138937 , -0.00742022, -0.01395201, -0.00674089,
        -0.01327094, -0.00674021, -0.01391956, -0.00793509, -0.01387902,
        -0.00548123, -0.01415284, -0.00781786, -0.01418597, -0.00537604]])}}

